applications=14 maxDelta=65.28263 referenceCaptured=True restVsReference=65.92764
bodyPosition=(-0.70, 54.12, -14.76) bodyRotation=(351.99, 26.30, 354.88) pelvisIK=-0.02135408
qpos=0.2896572,0.01020175,0.7259241,0.9973505,-0.01025462,0.000403428,0.07201994,-0.07419154,-0.005969762,0.0348007,0.7760494,-0.6552002,0.04934969,-0.7352926,-0.2065359,-0.242237,1.105616,-0.1607152,-0.02948414,-0.09969407,-0.01338112,0.3323458,-0.2629626,0.3106828,-0.3244038,-0.007191939,0.127506,0.07337406,-0.006384973,-0.03671102,-0.2294677,0.09609376,0.100867,-0.08215173,-0.06807362,-0.08677579
Hips: local=(11.90, 81.16, 142.22) modelPosition=(0.00, 0.40, 0.00)
Spine: local=(310.59, 129.61, 5.32) modelPosition=(0.00, 0.40, 0.00)
Chest: local=(333.79, 354.81, 2.36) modelPosition=(0.01, 0.40, 0.04)
Head: local=(5.31, 339.12, 359.66) modelPosition=(0.14, 0.31, 0.18)
LeftUpperLeg: local=(314.90, 291.37, 26.49) modelPosition=(-0.04, 0.36, 0.01)
LeftLowerLeg: local=(292.47, 332.84, 23.94) modelPosition=(0.04, 0.20, 0.16)
LeftFoot: local=(69.33, 168.11, 168.86) modelPosition=(-0.03, 0.02, 0.11)
RightUpperLeg: local=(303.60, 223.52, 106.96) modelPosition=(0.04, 0.43, -0.02)
RightLowerLeg: local=(329.32, 347.47, 2.50) modelPosition=(0.08, 0.20, -0.05)
RightFoot: local=(67.50, 214.32, 221.23) modelPosition=(0.02, 0.03, -0.12)
